1,Walk,42
RHipPitch,spline,8,0.0,0.0,13.349916,5.8370442390441895,2.6903271675109863,9.988147735595703,24.820363998413086,12.965964317321777,45.93925476074219,19.125640869140625,36.347171783447266,26.201974868774414,28.78186798095703,31.384477615356445,28.217369079589844,42.0,13.349916,
LKneePitch,spline,8,21.0,0.0,-53.571552,5.929233074188232,-51.88814926147461,12.234941482543945,-82.67764282226562,18.08930206298828,-54.61882019042969,22.225618362426758,-63.49967575073242,27.065271377563477,-57.0294189453125,33.559814453125,-56.60145950317383,42.0,-53.571552,
RFootRoll,sinus,10.0,-0.62831,2.0,
LHipPitch,spline,8,21.0,0.0,13.349916,5.8370442390441895,2.6903271675109863,9.988147735595703,24.820363998413086,12.965964317321777,45.93925476074219,19.125640869140625,36.347171783447266,26.201974868774414,28.78186798095703,31.384477615356445,28.217369079589844,42.0,13.349916,
RFootPitch,spline,8,0.0,0.0,40.221638,7.339284896850586,45.24618148803711,11.73282527923584,49.95991516113281,18.574932098388672,17.675142288208008,21.883237838745117,28.50865364074707,29.75157928466797,31.189414978027344,36.13508987426758,36.652584075927734,42.0,40.221638,
RHipRoll,sinus,10.0,2.51327,-2.0,
RKneePitch,spline,8,0.0,0.0,-53.571552,5.929233074188232,-51.88814926147461,12.234941482543945,-82.67764282226562,18.08930206298828,-54.61882019042969,22.225618362426758,-63.49967575073242,27.065271377563477,-57.0294189453125,33.559814453125,-56.60145950317383,42.0,-53.571552,
LFootRoll,sinus,10.0,-0.62831,-2.0,
LFootPitch,spline,8,21.0,0.0,40.221638,7.339284896850586,45.24618148803711,11.73282527923584,49.95991516113281,18.574932098388672,17.675142288208008,21.883237838745117,28.50865364074707,29.75157928466797,31.189414978027344,36.13508987426758,36.652584075927734,42.0,40.221638,
LHipRoll,sinus,10.0,2.51327,2.0,
